-	-	-	43588	111143	1.0	0
1000	0.08	1	42187	105088	0.9678581260897495	0.4014445036540804
5000	0.08	1	43588	111143	1.0	0.39217944449942865
7500	0.08	1	43588	111143	1.0	0.39217944449942865
10000	0.08	1	43588	111143	1.0	0.39217944449942865
12000	0.08	1	43588	111143	1.0	0.39217944449942865
15000	0.08	1	43588	111143	1.0	0.39217944449942865
1000	0.09	1	41619	104096	0.9548270166100762	0.3998136335690132
5000	0.09	1	43588	111143	1.0	0.39217944449942865
7500	0.09	1	43588	111143	1.0	0.39217944449942865
10000	0.09	1	43588	111143	1.0	0.39217944449942865
12000	0.09	1	43588	111143	1.0	0.39217944449942865
15000	0.09	1	43588	111143	1.0	0.39217944449942865
1000	0.1	1	41619	104096	0.9548270166100762	0.3998136335690132
5000	0.1	1	43588	111143	1.0	0.39217944449942865
7500	0.1	1	43588	111143	1.0	0.39217944449942865
10000	0.1	1	43588	111143	1.0	0.39217944449942865
12000	0.1	1	43588	111143	1.0	0.39217944449942865
15000	0.1	1	43588	111143	1.0	0.39217944449942865
1000	0.11	1	41619	104096	0.9548270166100762	0.3998136335690132
5000	0.11	1	43588	111143	1.0	0.39217944449942865
7500	0.11	1	43588	111143	1.0	0.39217944449942865
10000	0.11	1	43588	111143	1.0	0.39217944449942865
12000	0.11	1	43588	111143	1.0	0.39217944449942865
15000	0.11	1	43588	111143	1.0	0.39217944449942865
1000	0.12	1	40188	100227	0.921996879875195	0.400969798557275
5000	0.12	1	43588	111143	1.0	0.39217944449942865
7500	0.12	1	43588	111143	1.0	0.39217944449942865
10000	0.12	1	43588	111143	1.0	0.39217944449942865
12000	0.12	1	43588	111143	1.0	0.39217944449942865
15000	0.12	1	43588	111143	1.0	0.39217944449942865
1000	0.08	2	43588	111143	1.0	0.39217944449942865
5000	0.08	2	43588	111143	1.0	0.39217944449942865
7500	0.08	2	43588	111143	1.0	0.39217944449942865
10000	0.08	2	43588	111143	1.0	0.39217944449942865
12000	0.08	2	43588	111143	1.0	0.39217944449942865
15000	0.08	2	43588	111143	1.0	0.39217944449942865
1000	0.09	2	43588	111143	1.0	0.39217944449942865
5000	0.09	2	43588	111143	1.0	0.39217944449942865
7500	0.09	2	43588	111143	1.0	0.39217944449942865
10000	0.09	2	43588	111143	1.0	0.39217944449942865
12000	0.09	2	43588	111143	1.0	0.39217944449942865
15000	0.09	2	43588	111143	1.0	0.39217944449942865
1000	0.1	2	43588	111143	1.0	0.39217944449942865
5000	0.1	2	43588	111143	1.0	0.39217944449942865
7500	0.1	2	43588	111143	1.0	0.39217944449942865
10000	0.1	2	43588	111143	1.0	0.39217944449942865
12000	0.1	2	43588	111143	1.0	0.39217944449942865
15000	0.1	2	43588	111143	1.0	0.39217944449942865
1000	0.11	2	43588	111143	1.0	0.39217944449942865
5000	0.11	2	43588	111143	1.0	0.39217944449942865
7500	0.11	2	43588	111143	1.0	0.39217944449942865
10000	0.11	2	43588	111143	1.0	0.39217944449942865
12000	0.11	2	43588	111143	1.0	0.39217944449942865
15000	0.11	2	43588	111143	1.0	0.39217944449942865
1000	0.12	2	43588	111143	1.0	0.39217944449942865
5000	0.12	2	43588	111143	1.0	0.39217944449942865
7500	0.12	2	43588	111143	1.0	0.39217944449942865
10000	0.12	2	43588	111143	1.0	0.39217944449942865
12000	0.12	2	43588	111143	1.0	0.39217944449942865
15000	0.12	2	43588	111143	1.0	0.39217944449942865
1000	0.08	3	43588	111143	1.0	0.39217944449942865
5000	0.08	3	43588	111143	1.0	0.39217944449942865
7500	0.08	3	43588	111143	1.0	0.39217944449942865
10000	0.08	3	43588	111143	1.0	0.39217944449942865
12000	0.08	3	43588	111143	1.0	0.39217944449942865
15000	0.08	3	43588	111143	1.0	0.39217944449942865
1000	0.09	3	43588	111143	1.0	0.39217944449942865
5000	0.09	3	43588	111143	1.0	0.39217944449942865
7500	0.09	3	43588	111143	1.0	0.39217944449942865
10000	0.09	3	43588	111143	1.0	0.39217944449942865
12000	0.09	3	43588	111143	1.0	0.39217944449942865
15000	0.09	3	43588	111143	1.0	0.39217944449942865
1000	0.1	3	43588	111143	1.0	0.39217944449942865
5000	0.1	3	43588	111143	1.0	0.39217944449942865
7500	0.1	3	43588	111143	1.0	0.39217944449942865
10000	0.1	3	43588	111143	1.0	0.39217944449942865
12000	0.1	3	43588	111143	1.0	0.39217944449942865
15000	0.1	3	43588	111143	1.0	0.39217944449942865
1000	0.11	3	43588	111143	1.0	0.39217944449942865
5000	0.11	3	43588	111143	1.0	0.39217944449942865
7500	0.11	3	43588	111143	1.0	0.39217944449942865
10000	0.11	3	43588	111143	1.0	0.39217944449942865
12000	0.11	3	43588	111143	1.0	0.39217944449942865
15000	0.11	3	43588	111143	1.0	0.39217944449942865
1000	0.12	3	43588	111143	1.0	0.39217944449942865
5000	0.12	3	43588	111143	1.0	0.39217944449942865
7500	0.12	3	43588	111143	1.0	0.39217944449942865
10000	0.12	3	43588	111143	1.0	0.39217944449942865
12000	0.12	3	43588	111143	1.0	0.39217944449942865
15000	0.12	3	43588	111143	1.0	0.39217944449942865
1000	0.08	4	43588	111143	1.0	0.39217944449942865
5000	0.08	4	43588	111143	1.0	0.39217944449942865
7500	0.08	4	43588	111143	1.0	0.39217944449942865
10000	0.08	4	43588	111143	1.0	0.39217944449942865
12000	0.08	4	43588	111143	1.0	0.39217944449942865
15000	0.08	4	43588	111143	1.0	0.39217944449942865
1000	0.09	4	43588	111143	1.0	0.39217944449942865
5000	0.09	4	43588	111143	1.0	0.39217944449942865
7500	0.09	4	43588	111143	1.0	0.39217944449942865
10000	0.09	4	43588	111143	1.0	0.39217944449942865
12000	0.09	4	43588	111143	1.0	0.39217944449942865
15000	0.09	4	43588	111143	1.0	0.39217944449942865
1000	0.1	4	43588	111143	1.0	0.39217944449942865
5000	0.1	4	43588	111143	1.0	0.39217944449942865
7500	0.1	4	43588	111143	1.0	0.39217944449942865
10000	0.1	4	43588	111143	1.0	0.39217944449942865
12000	0.1	4	43588	111143	1.0	0.39217944449942865
15000	0.1	4	43588	111143	1.0	0.39217944449942865
1000	0.11	4	43588	111143	1.0	0.39217944449942865
5000	0.11	4	43588	111143	1.0	0.39217944449942865
7500	0.11	4	43588	111143	1.0	0.39217944449942865
10000	0.11	4	43588	111143	1.0	0.39217944449942865
12000	0.11	4	43588	111143	1.0	0.39217944449942865
15000	0.11	4	43588	111143	1.0	0.39217944449942865
1000	0.12	4	43588	111143	1.0	0.39217944449942865
5000	0.12	4	43588	111143	1.0	0.39217944449942865
7500	0.12	4	43588	111143	1.0	0.39217944449942865
10000	0.12	4	43588	111143	1.0	0.39217944449942865
12000	0.12	4	43588	111143	1.0	0.39217944449942865
15000	0.12	4	43588	111143	1.0	0.39217944449942865
